8.25411E-06
8.32286E-06
8.32286E-06
8.39161E-06
8.32286E-06
8.39161E-06
8.39161E-06
8.46037E-06
8.32286E-06
8.39162E-06
8.39161E-06
8.46037E-06
8.39162E-06
8.46037E-06
8.46037E-06
8.52912E-06
8.12132E-06
8.28101E-06
8.25394E-06
8.41363E-06
8.26266E-06
8.42235E-06
8.39529E-06
8.55497E-06
8.2632E-06
8.42289E-06
8.39582E-06
8.55551E-06
8.40454E-06
8.56423E-06
8.53717E-06
8.69686E-06
8.12132E-06
8.23303E-06
8.30471E-06
8.41644E-06
8.21751E-06
8.32923E-06
8.40091E-06
8.51263E-06
8.22683E-06
8.33855E-06
8.41023E-06
8.52195E-06
8.32302E-06
8.43474E-06
8.50642E-06
8.61814E-06
7.98853E-06
8.19118E-06
8.2358E-06
8.38802E-06
8.15731E-06
8.35997E-06
8.41208E-06
8.58172E-06
8.16716E-06
8.36982E-06
8.41443E-06
8.56666E-06
8.36309E-06
8.64997E-06
8.7131E-06
8.88275E-06
8.12132E-06
8.22677E-06
8.23335E-06
8.3388E-06
8.18126E-06
8.28671E-06
8.29329E-06
8.39874E-06
8.20795E-06
8.3134E-06
8.31998E-06
8.42543E-06
8.26789E-06
8.37334E-06
8.37992E-06
8.48538E-06
7.98853E-06
8.18491E-06
8.16443E-06
8.36082E-06
8.12106E-06
8.34275E-06
8.29696E-06
8.5053E-06
8.14828E-06
8.34467E-06
8.34211E-06
8.61848E-06
8.28082E-06
8.50251E-06
8.41312E-06
8.70974E-06
7.98853E-06
8.13694E-06
8.2152E-06
8.36872E-06
8.0759E-06
8.22432E-06
8.27916E-06
8.50076E-06
8.11192E-06
8.26034E-06
8.3386E-06
8.49212E-06
8.38576E-06
8.60731E-06
8.59648E-06
8.81809E-06
7.85573E-06
8.09509E-06
8.14628E-06
8.36051E-06
8.01571E-06
8.26701E-06
8.33166E-06
8.70451E-06
8.05225E-06
8.29161E-06
8.2992E-06
8.60172E-06
8.34129E-06
8.66487E-06
8.84563E-06
9.21854E-06
8.12132E-06
8.281E-06
8.26044E-06
8.42012E-06
8.25383E-06
8.41351E-06
8.39295E-06
8.55263E-06
8.24511E-06
8.4048E-06
8.38423E-06
8.54392E-06
8.37762E-06
8.53731E-06
8.51674E-06
8.67643E-06
7.98853E-06
8.23915E-06
8.19152E-06
8.44214E-06
8.19363E-06
8.44425E-06
8.39662E-06
8.64725E-06
8.18544E-06
8.40577E-06
8.38844E-06
8.60876E-06
8.39055E-06
8.72793E-06
8.59354E-06
8.98559E-06
7.98853E-06
8.19118E-06
8.24229E-06
8.44495E-06
8.14848E-06
8.32082E-06
8.40224E-06
8.73948E-06
8.14908E-06
8.35173E-06
8.49114E-06
8.76174E-06
8.30903E-06
8.48138E-06
8.80587E-06
9.01508E-06
7.85574E-06
8.14932E-06
8.17337E-06
8.41653E-06
8.08828E-06
8.5233E-06
8.41342E-06
8.64369E-06
8.08941E-06
8.3527E-06
8.69795E-06
8.85202E-06
8.3491E-06
8.72691E-06
8.85777E-06
9.27968E-06
7.98853E-06
8.18491E-06
8.17093E-06
8.45407E-06
8.11222E-06
8.30861E-06
8.42094E-06
8.69312E-06
8.1302E-06
8.32659E-06
8.3126E-06
8.59574E-06
8.41409E-06
8.6306E-06
8.65932E-06
8.9315E-06
7.85574E-06
8.14306E-06
8.10201E-06
8.53076E-06
8.05202E-06
8.36465E-06
8.5895E-06
8.68262E-06
8.07053E-06
8.44461E-06
8.33473E-06
8.70203E-06
8.5818E-06
8.7361E-06
8.65479E-06
9.08924E-06
7.85574E-06
8.09509E-06
8.15278E-06
8.36693E-06
8.00687E-06
8.3808E-06
8.36909E-06
8.72852E-06
8.03417E-06
8.27352E-06
8.57429E-06
8.66042E-06
8.50973E-06
8.82221E-06
8.78375E-06
9.19885E-06
7.72294E-06
8.05323E-06
8.08386E-06
8.35872E-06
7.94667E-06
8.25861E-06
8.42159E-06
8.78844E-06
7.9745E-06
8.44622E-06
8.38011E-06
8.80024E-06
8.46526E-06
8.96653E-06
8.99518E-06
9.50592E-06
8.25411E-06
