1.41933E-11
1.80368E-11
3.21681E-11
4.95025E-11
4.97035E-11
1.99581E-08
2.52139E-11
1.99461E-08
1.41928E-11
9.98196E-09
3.21681E-11
4.14586E-11
1.49547E-08
1.49561E-08
2.52139E-11
4.26309E-11
1.41933E-11
3.34539E-11
7.30042E-12
4.95025E-11
4.97035E-11
1.99461E-08
2.52139E-11
2.95605E-11
7.30042E-12
1.80368E-11
3.34539E-11
4.21797E-11
1.49547E-08
1.99581E-08
2.52139E-11
3.2894E-11
1.41933E-11
3.21681E-11
4.95025E-11
4.97035E-11
1.99581E-08
2.52139E-11
4.14586E-11
1.41928E-11
3.21681E-11
4.13485E-11
9.94777E-09
1.99581E-08
2.52139E-11
1.41933E-11
2.95605E-11
3.2894E-11
4.95025E-11
4.97035E-11
